146	244	280	7	165
233	24	161	294	241
84	119	264	57	56
141	178	229	190	84
155	179	219	127	130
75	10	18	27	117
5	234	65	46	170
118	71	126	81	234
210	166	293	256	96
257	201	66	249	286
1	257	205	112	201
162	82	247	91	117
114	30	283	239	113
83	128	218	282	238
291	232	103	269	173
261	27	270	175	46
35	95	77	276	30
45	42	283	287	274
165	218	287	35	177
101	222	123	104	189
62	2	280	94	48
220	34	299	247	134
181	69	236	119	171
231	207	225	241	220
202	149	131	5	245
17	294	103	5	292
189	105	289	114	29
156	1	212	133	1
8	45	82	80	181
86	3	135	90	269
16	16	58	247	42
51	277	46	257	251
81	238	277	204	226
52	101	154	195	152
57	250	155	13	93
239	110	160	259	182
223	174	177	266	111
41	233	49	117	38
60	296	16	10	29
25	209	145	110	299
275	29	57	30	153
114	35	293	210	11
94	300	35	98	155
275	154	125	225	131
244	185	224	42	60
284	201	202	214	159
179	144	197	136	275
120	61	232	72	202
162	252	273	88	29
31	236	45	268	172
83	42	62	238	75
66	212	295	209	178
36	171	193	41	201
248	246	91	17	40
172	32	55	244	250
240	56	184	88	21
299	32	212	226	124
59	263	226	149	104
159	211	95	8	98
157	248	100	79	263
295	29	37	60	143
23	33	203	107	182
44	33	25	121	160
3	176	158	84	211
108	188	206	178	148
274	275	157	229	290
245	75	227	21	246
293	67	70	7	32
141	255	65	227	254
292	117	261	179	251
9	247	188	81	272
36	159	206	35	30
188	143	70	133	120
107	163	65	156	123
252	107	6	40	208
247	44	218	136	109
278	98	139	250	235
30	102	210	243	37
167	232	89	234	10
46	187	89	106	8
241	228	85	191	43
251	279	140	86	37
189	225	227	136	218
86	186	213	23	35
178	45	146	239	186
119	55	12	88	54
118	14	264	233	90
177	133	94	36	169
70	75	214	58	271
6	262	229	89	38
273	8	113	238	78
158	93	227	150	263
135	101	114	176	129
284	95	45	8	36
282	140	188	49	110
31	199	208	30	164
276	252	291	32	227
2	165	62	139	183
294	147	120	167	289
13	63	128	92	239
102	39	104	132	4
19	236	205	233	173
155	250	98	234	217
37	131	194	229	291
84	187	282	40	261
96	199	275	79	149
61	49	299	51	265
67	149	284	218	253
135	248	77	152	145
165	105	239	50	106
50	120	119	21	205
75	43	60	31	160
296	19	241	289	125
259	202	245	263	114
38	260	198	212	8
273	248	30	59	211
287	26	173	102	204
57	102	295	72	146
206	69	36	232	113
160	141	12	5	62
136	196	193	202	276
171	99	68	259	265
236	196	2	73	1
69	274	166	54	62
201	213	79	200	226
259	279	299	263	73
135	123	93	177	65
227	280	188	147	110
192	206	162	31	72
287	270	44	238	139
258	96	185	94	230
264	289	87	262	185
48	62	194	1	222
287	168	136	116	248
199	43	41	229	215
97	80	108	42	25
217	225	14	264	110
275	104	121	6	181
216	38	78	92	150
146	182	252	214	122
228	73	113	219	215
280	212	263	275	270
187	59	188	15	243
115	113	82	136	164
291	165	84	86	221
182	53	198	152	8
27	70	225	104	175
170	48	162	164	13
175	86	18	243	74
66	45	105	23	101
201	13	74	241	284
11	73	77	179	52
137	123	287	113	66
142	229	149	68	88
67	64	122	7	254
175	300	209	232	32
262	6	170	97	60
14	224	178	183	266
74	132	245	266	261
277	29	230	232	96
74	242	181	41	261
96	284	219	257	162
219	183	31	287	177
68	86	142	188	180
37	103	270	136	143
246	281	81	288	45
71	76	22	257	192
130	236	280	18	203
293	268	220	85	6
39	172	178	47	189
9	188	252	205	135
213	259	257	120	255
53	58	70	47	242
8	300	140	7	38
19	162	122	249	5
33	168	12	36	11
296	81	179	115	168
22	239	170	273	179
262	64	228	16	226
235	244	215	243	92
84	145	234	19	5
293	276	134	52	183
280	134	190	139	218
62	130	132	196	273
182	87	129	26	13
169	185	67	93	188
116	60	206	156	186
128	166	176	289	77
56	73	151	156	19
222	151	115	141	192
8	25	190	157	282
140	31	88	112	216
251	209	151	76	192
76	108	160	119	256
8	242	108	172	104
189	161	86	7	11
136	158	142	18	283
148	19	251	78	277
208	113	187	169	260
111	9	201	20	192
113	18	266	47	177
182	136	99	122	54
155	277	247	258	108
146	45	103	98	48
6	284	285	222	48
203	64	54	124	195
77	247	94	217	140
251	269	227	40	140
295	23	268	222	114
100	148	116	86	14
114	123	59	13	74
160	254	205	145	234
239	32	101	145	236
180	16	18	246	176
61	244	208	260	37
202	188	74	185	26
105	289	267	121	221
233	72	243	89	183
144	291	157	234	170
220	11	125	105	243
126	283	4	118	92
101	37	131	32	123
228	255	10	143	122
272	253	174	135	109
161	298	99	149	163
211	183	187	6	126
72	19	22	219	48
231	32	253	220	284
190	39	202	190	159
133	47	260	66	48
39	167	2	18	99
160	270	220	149	122
215	27	240	213	240
91	159	130	17	168
142	58	77	149	243
36	83	60	23	252
87	165	75	269	21
192	125	284	91	268
39	36	161	105	151
286	216	24	89	101
201	209	103	172	242
192	122	45	289	112
196	211	118	57	226
78	178	234	172	142
273	7	238	233	81
267	70	169	231	100
248	158	224	116	237
72	77	236	263	17
162	164	202	188	148
281	163	280	290	146
169	295	126	97	153
59	208	113	203	143
24	90	107	51	46
119	142	150	210	80
101	215	46	137	204
146	184	134	274	221
48	222	259	42	128
256	142	258	256	41
154	256	3	72	124
66	268	270	224	217
158	94	6	145	253
138	72	225	138	21
10	107	36	274	91
23	36	22	255	110
257	145	43	85	158
95	92	255	101	187
265	152	64	92	190
283	267	73	210	54
275	256	113	110	74
210	116	125	116	184
203	117	157	178	250
224	162	160	84	297
253	121	22	119	222
123	63	32	137	104
281	125	225	200	261
40	257	63	254	158
214	207	122	117	185
41	79	227	291	121
88	231	57	67	21
61	201	229	238	198
101	65	291	66	33
272	215	100	226	282
250	285	138	117	143
52	270	224	275	38
193	113	216	293	183
142	24	277	162	75
51	69	11	148	233
57	3	191	239	145
50	46	147	24	14
54	256	143	37	211
125	293	120	171	7
276	24	229	120	62
39	18	54	188	272
43	156	25	272	118
44	170	76	20	157
178	211	282	6	155
294	169	199	1	64
275	57	246	193	189
6	293	87	151	274
198	211	257	143	110
46	280	250	240	132
282	20	200	260	44
241	170	35	1	148
22	187	201	289	278
162	255	148	218	4
247	202	294	295	104
246	264	269	172	13
261	244	192	253	300
74	20	53	267	200
90	157	285	272	17
9	199	149	80	263
138	276	92	222	296
88	111	203	82	130
64	92	249	32	250
243	26	229	75	279
23	164	37	219	139
300	138	226	107	97
184	77	62	172	22
3	10	6	127	292
70	26	47	179	281
85	38	258	138	48
179	54	239	180	242
119	242	131	191	171
28	177	125	25	235
265	121	78	256	254
135	157	125	131	4
265	230	200	99	108
172	167	44	7	295
39	22	34	34	168
248	96	168	157	21
69	242	247	25	70
126	134	86	227	242
21	232	61	195	163
204	212	140	7	180
269	292	290	97	197
217	131	13	130	141
268	12	216	30	282
205	87	193	66	249
81	78	291	104	102
69	123	113	253	52
10	45	227	289	264
201	62	123	208	222
237	103	53	171	274
114	117	25	88	244
16	54	205	84	61
157	110	140	140	141
25	109	106	18	51
127	202	262	237	274
259	145	232	263	117
118	112	28	178	210
145	300	117	19	174
90	137	146	193	182
66	85	99	294	226
177	174	4	128	57
29	119	151	169	234
114	215	18	59	140
72	180	155	3	215
133	122	217	125	122
169	19	20	82	184
18	146	286	95	11
184	15	296	22	49
259	88	33	181	235
28	221	5	282	167
125	139	263	284	135
210	32	205	147	154
121	203	45	246	186
60	32	186	164	193
30	143	279	41	169
39	7	39	104	110
114	10	22	127	135
257	195	125	96	123
289	96	190	141	139
160	179	219	98	16
166	69	5	133	135
216	299	267	128	132
216	166	249	25	111
133	226	291	242	237
56	277	175	283	215
198	8	132	67	280
181	292	83	12	283
175	173	147	258	63
53	97	145	259	207
4	245	281	296	59
147	168	103	271	128
150	137	82	143	8
59	105	25	67	224
129	253	124	249	245
242	232	206	296	297
125	22	66	192	87
250	289	292	140	9
2	215	42	154	214
239	40	207	203	297
214	60	102	219	13
175	294	218	276	46
99	17	146	7	223
249	88	15	89	238
227	5	17	96	240
273	144	273	279	68
241	158	293	83	182
19	175	204	17	196
126	236	260	296	188
84	118	278	5	290
38	150	168	22	240
136	50	18	11	115
161	33	71	259	193
94	107	191	268	189
115	26	1	260	293
226	99	247	45	186
14	149	262	60	177
241	144	274	12	101
235	26	147	261	118
27	153	12	78	295
97	292	175	62	208
246	104	278	88	74
84	104	10	251	127
52	95	208	1	112
20	205	75	145	9
182	243	94	62	30
63	163	36	215	3
158	63	257	58	83
141	283	240	139	105
215	80	281	274	113
294	233	252	130	178
215	198	193	94	267
251	40	86	48	4
40	235	225	145	18
80	169	189	43	106
10	247	264	161	40
279	241	196	264	225
122	183	198	251	7
122	270	122	166	298
74	182	190	100	74
233	62	237	151	33
92	214	175	238	212
181	174	135	298	296
82	57	188	187	260
74	201	51	45	54
12	8	42	80	239
18	69	114	135	220
236	102	38	163	190
199	177	132	159	225
271	64	173	100	147
201	276	205	260	39
32	197	9	298	185
49	78	212	104	23
15	299	94	3	59
101	53	239	185	103
99	203	161	219	8
154	280	246	298	221
231	285	228	293	168
61	281	82	83	120
153	124	21	240	190
106	258	109	195	254
69	105	192	53	247
48	139	298	83	150
282	49	101	215	173
29	248	13	107	108
230	198	194	247	147
67	208	100	144	239
143	267	39	60	248
188	2	88	170	298
110	253	282	64	251
168	153	281	166	132
210	126	77	146	61
238	218	255	115	195
189	272	81	143	258
32	33	105	27	244
285	248	178	291	182
179	264	261	54	172
153	281	57	259	158
270	106	56	24	162
169	185	255	164	83
256	79	144	213	28
152	7	198	166	75
200	32	54	266	150
33	49	60	112	245
77	129	24	271	165
292	227	299	51	243
35	14	94	253	128
86	140	175	47	135
292	235	160	123	273
96	164	138	233	144
94	300	161	269	129
278	192	22	194	48
275	270	16	209	179
58	138	64	162	59
27	61	142	121	162
197	122	35	93	216
95	168	134	33	218
246	192	174	54	87
167	256	273	275	235
105	9	276	21	193
51	82	278	281	274
208	176	16	13	42
65	30	138	105	232
140	98	154	36	52
36	204	281	166	232
63	140	274	93	74
106	119	146	41	251
83	260	247	117	291
236	42	34	217	181
247	163	282	236	278
99	182	47	154	280
225	64	143	120	125
291	295	230	255	35
163	270	42	184	218
83	102	236	250	56
70	284	168	229	91
11	290	147	40	285
61	292	50	31	73
203	209	240	91	10
144	78	163	52	288
242	45	234	104	204
73	200	119	25	292
290	3	248	168	185
174	120	115	84	171
127	296	203	213	29
121	286	59	5	56
97	236	26	62	67
181	135	280	72	233
112	54	111	290	136
138	182	167	203	13
156	139	266	133	149
101	156	279	25	227
44	58	177	152	264
87	58	281	278	226
16	86	276	61	38
145	293	10	160	132
136	253	84	278	143
241	200	53	182	188
211	139	300	188	84
227	157	141	189	164
90	73	150	171	41
254	206	84	108	3
108	55	13	108	235
29	155	86	209	122
104	83	21	51	168
263	83	56	132	258
6	20	200	92	175
107	171	15	206	45
88	254	42	99	125
30	227	30	78	197
18	274	6	84	127
290	272	278	111	135
227	117	266	137	249
23	170	114	81	142
89	154	231	75	22
198	183	46	283	77
196	35	58	143	139
288	223	51	57	37
69	246	142	125	274
174	77	243	283	75
138	174	60	145	24
223	7	77	22	208
155	252	158	278	159
274	242	11	248	163
163	110	223	244	216
234	264	88	96	207
283	249	120	56	2
192	48	234	222	191
21	40	263	111	79
15	58	44	196	9
185	70	76	99	251
78	112	281	81	250
38	283	101	20	79
201	180	37	179	97
193	23	9	15	31
219	238	2	88	187
194	34	8	186	24
7	26	35	38	141
141	159	11	256	34
25	127	95	264	110
194	133	203	140	63
47	164	13	156	182
120	102	277	245	55
13	97	280	46	101
30	75	226	202	182
191	285	196	293	22
123	170	77	23	157
201	259	254	51	14
286	128	194	108	13
293	236	267	60	120
290	198	31	11	83
244	223	64	171	249
266	215	277	149	171
108	220	74	157	254
8	1	245	105	168
182	43	153	187	56
86	68	167	152	71
53	109	90	212	216
268	208	31	52	149
141	104	123	112	105
136	180	171	45	130
52	67	201	28	207
187	12	213	282	278
242	110	155	246	206
172	250	167	58	151
254	101	114	281	87
39	216	44	18	97
44	300	106	228	164
13	234	244	56	93
21	285	289	214	52
207	159	149	269	88
90	192	200	238	106
198	213	248	215	126
300	162	184	265	174
114	22	209	226	88
10	168	217	115	247
26	259	202	56	251
121	279	267	74	86
27	161	125	61	94
200	186	44	1	2
156	77	157	68	151
12	5	249	217	244
293	124	260	293	282
182	205	95	297	96
287	92	288	24	191
256	83	13	132	81
118	250	196	251	180
70	266	242	112	30
276	293	236	32	246
103	218	29	163	90
8	129	258	227	203
254	270	47	106	116
267	74	104	86	194
38	225	50	117	98
186	110	275	94	14
208	121	147	6	174
297	3	231	110	55
227	106	223	46	210
259	177	264	6	21
41	72	279	224	298
186	104	199	40	205
159	125	59	181	144
252	193	280	154	234
133	95	18	47	262
191	205	263	115	287
211	17	270	141	151
81	84	210	32	135
57	223	224	25	19
203	159	196	269	268
294	28	270	204	151
100	139	91	86	43
79	271	215	246	191
227	81	62	106	38
146	17	104	25	167
172	220	223	107	28
131	33	55	261	243
20	78	21	271	43
46	53	51	240	74
114	256	183	269	21
12	33	53	143	16
65	262	169	162	2
89	19	281	116	263
98	76	9	34	49
244	188	231	37	6
165	22	67	156	40
13	149	271	11	69
9	61	84	248	147
224	138	103	43	283
71	194	108	136	167
54	90	288	219	151
203	89	41	285	56
21	295	49	148	180
125	34	260	286	171
159	87	249	285	237
165	234	69	121	160
104	229	7	25	166
51	88	285	105	58
208	254	260	16	21
34	15	12	185	294
64	246	249	181	236
92	99	101	45	120
42	131	159	67	5
46	37	275	242	229
241	2	4	184	57
179	42	23	173	112
61	78	56	25	282
159	31	287	64	181
228	175	262	65	167
249	27	108	250	221
25	266	71	300	290
201	1	166	3	231
297	119	11	112	5
90	80	188	182	85
247	222	76	44	245
289	38	146	128	129
94	107	163	205	269
216	264	131	83	130
266	148	52	246	3
131	62	118	5	143
151	185	198	30	1
82	144	240	83	271
273	268	188	274	41
153	136	299	37	215
59	156	15	215	183
267	69	283	50	102
222	52	19	164	200
20	147	285	126	214
11	130	235	184	228
13	53	27	149	36
171	109	30	157	275
237	241	59	229	199
137	30	12	204	177
63	206	294	284	82
269	257	99	259	109
184	220	122	209	24
198	123	240	59	282
274	243	260	190	291
183	228	79	277	246
26	66	167	29	65
70	219	282	291	101
295	256	229	164	96
171	236	216	48	151
7	258	55	68	105
195	109	85	183	225
300	214	134	54	131
207	102	68	259	252
273	84	286	187	66
23	171	141	27	28
128	144	128	95	277
38	196	147	289	79
48	214	299	167	100
72	140	53	27	80
32	21	144	58	132
47	116	133	156	263
212	247	72	140	237
189	288	241	188	286
87	182	122	50	219
262	162	99	215	26
149	18	268	172	238
276	117	131	27	297
255	99	54	62	36
214	273	194	69	264
220	106	271	127	195
123	215	177	287	218
168	166	186	188	283
113	76	257	67	258
198	268	152	168	273
110	60	138	96	75
161	43	144	26	189
180	15	43	16	147
256	85	279	252	221
28	140	181	9	240
158	150	227	153	183
47	143	254	120	236
62	187	50	87	228
289	200	96	243	22
125	222	110	147	31
154	156	109	81	214
166	192	101	33	142
171	17	1	84	57
37	114	55	231	24
219	225	146	19	179
31	191	178	100	277
43	225	242	29	69
132	56	272	36	136
173	179	221	55	85
21	275	172	255	28
279	232	117	282	92
213	97	298	183	3
297	99	200	232	82
214	257	277	96	194
76	199	293	216	77
28	203	23	123	45
140	212	224	263	234
154	107	11	249	118
298	249	149	194	251
156	162	223	257	214
122	63	42	274	58
158	143	263	130	47
148	141	15	161	283
11	138	244	296	196
110	274	164	51	19
255	27	61	198	127
113	70	138	180	68
214	275	224	40	53
140	215	31	87	37
273	300	245	105	237
111	70	172	262	15
231	45	96	51	223
293	168	228	297	142
241	25	108	36	227
95	160	281	191	88
165	145	157	145	114
188	34	57	117	60
10	121	66	139	189
2	175	5	108	3
234	195	250	54	154
73	289	299	177	253
62	163	260	242	8
31	293	165	44	182
266	6	159	134	225
300	78	109	116	35
183	62	188	70	264
76	135	293	117	47
207	56	128	23	84
294	267	195	49	297
224	276	254	143	42
57	195	285	37	15
206	222	68	286	226
98	138	54	293	256
27	225	152	90	177
219	272	242	201	153
24	65	198	205	206
19	243	250	169	283
144	157	17	140	142
171	155	168	70	221
193	207	242	69	111
47	250	278	264	289
256	268	44	255	101
237	194	290	146	137
19	16	71	97	243
73	28	70	295	243
292	43	45	268	129
51	204	116	221	298
80	67	29	289	90
105	147	14	193	264
45	290	35	226	15
93	243	155	59	79
117	88	92	45	224
166	132	300	17	188
47	113	44	214	33
163	91	270	129	213
156	229	189	176	262
169	237	230	238	113
218	125	124	242	111
99	251	46	284	156
142	30	139	107	85
84	54	84	63	16
233	113	209	293	121
86	213	61	205	168
48	74	271	179	239
33	293	31	10	155
86	231	157	43	24
254	134	166	1	59
138	239	185	136	102
144	189	218	205	241
205	134	281	168	261
203	130	55	67	178
233	91	214	62	108
159	52	272	55	87
80	99	184	279	183
6	227	247	238	42
46	210	73	82	111
87	202	220	119	13
257	214	127	239	149
61	250	35	282	228
233	125	149	41	67
262	162	82	39	214
71	253	31	90	127
119	295	114	16	289
203	261	58	247	91
145	116	181	134	234
153	178	102	125	228
91	51	20	152	96
164	286	192	292	47
159	198	200	33	282
220	108	292	297	182
207	61	10	17	243
274	241	279	245	289
151	230	72	167	258
138	255	30	72	29
48	215	267	133	143
95	225	261	233	100
58	131	158	6	237
146	210	226	83	67
88	300	36	116	291
264	22	62	65	218
128	71	136	200	126
215	93	152	248	159
126	209	127	57	166
128	5	282	170	36
207	33	189	2	250
293	114	230	136	168
121	87	249	199	80
274	261	280	218	282
135	292	133	299	113
49	167	189	178	264
2	56	287	132	76
57	175	254	160	219
191	267	14	220	173
235	172	187	281	31
13	97	219	207	275
280	266	163	139	291
36	94	116	32	140
204	291	20	62	170
253	64	188	109	5
189	71	217	194	70
106	59	290	190	290
216	249	190	79	282
95	24	69	140	128
246	109	165	266	161
49	268	22	2	182
148	98	78	145	128
295	164	204	293	120
253	83	176	190	54
274	88	231	159	116
36	277	146	192	107
124	16	46	186	144
31	234	125	49	250
131	210	122	152	123
273	298	95	264	232
249	178	67	153	155
271	27	221	230	68
176	86	71	130	242
267	231	129	138	170
107	223	174	180	232
195	186	256	168	59
240	225	205	245	18
238	17	91	164	58
278	219	111	111	10
184	33	295	109	295
138	57	18	28	166
237	61	215	95	140
1	118	121	29	152
108	40	177	61	272
45	247	249	136	170
18	93	209	220	33
143	102	124	89	225
27	279	69	186	35
73	3	58	270	36
114	75	166	95	79
165	268	91	86	241
53	296	99	110	17
67	157	33	279	156
62	22	11	13	286
78	29	122	220	9
132	70	105	72	81
136	144	201	90	195
100	55	83	69	12
3	19	45	269	103
100	298	85	9	104
244	36	151	122	21
281	255	169	176	69
73	98	249	87	174
222	277	256	55	187
278	296	278	16	65
45	262	138	11	32
84	2	177	172	94
149	15	198	92	127
20	217	38	180	39
189	224	128	9	69
241	132	242	24	293
60	70	219	192	187
101	282	150	235	278
299	284	123	163	238
252	83	39	73	248
153	251	203	290	37
198	100	123	57	8
235	271	133	215	13
130	119	259	59	167
202	262	276	292	110
265	208	185	91	225
183	218	204	189	70
25	265	91	79	149
299	284	50	34	27
272	28	16	26	70
262	65	101	3	131
123	153	268	300	157
195	242	246	17	279
271	101	87	221	278
192	147	72	126	300
100	95	272	141	268
205	195	144	282	102
1	41	44	120	195
185	253	123	39	213
222	256	78	52	167
63	118	254	113	153
96	31	144	219	18
162	248	90	67	100
246	102	267	110	175
209	197	33	166	37
37	101	282	163	290
296	206	93	265	83
41	239	183	253	147
155	45	297	48	34
293	132	58	300	294
242	49	202	88	169
197	99	81	159	246
215	96	6	215	290
249	17	200	35	7
189	202	198	46	188
225	202	297	34	215
300	179	46	136	154
80	172	219	256	109
172	136	94	283	58
30	146	120	220	151
215	287	265	286	126
180	260	255	292	254
28	180	79	244	180
181	153	31	245	62
60	174	99	278	93
250	248	121	296	219
179	268	51	120	232
124	84	175	204	167
110	268	222	189	105
87	133	286	104	202
262	90	192	150	285
263	65	173	295	94
247	43	259	68	8
50	146	300	106	54
92	98	210	14	10
50	261	170	30	171
45	278	156	153	89
205	200	169	191	54
89	201	93	272	87
152	56	145	261	232
92	81	135	23	106
43	61	256	129	158
128	98	155	191	94
24	229	145	221	72
197	3	270	217	103
137	178	242	251	201
110	65	3	22	145
91	17	177	93	242
187	103	113	233	206
94	127	237	58	70
243	115	195	270	151
181	251	99	41	108
168	299	189	140	268
42	108	34	116	240
233	208	172	267	137
37	89	122	280	126
227	61	29	121	151
211	51	300	46	246
193	37	298	52	28
39	84	281	234	213
243	206	33	298	217
126	268	54	242	35
251	262	36	299	109
240	236	280	120	17
15	139	175	228	190
209	96	238	148	238
228	212	90	12	25
224	141	13	235	96
202	185	137	7	219
223	116	78	47	250
86	265	145	212	111
195	195	4	237	243
35	179	272	74	115
65	266	263	24	10
44	172	63	202	160
10	61	255	217	135
91	147	4	224	98
163	248	242	258	145
251	258	70	195	144
59	234	264	294	285
138	90	92	50	72
253	136	33	244	142
156	224	233	210	185
95	170	299	106	279
173	8	61	49	106
30	208	65	108	292
63	108	263	255	284
252	151	261	137	132
150	126	288	222	77
258	74	248	181	262
226	149	62	252	43
206	263	271	59	64
165	252	230	146	147
230	180	137	221	208
184	83	47	263	208
169	30	213	57	273
145	291	250	88	180
91	277	31	101	202
15	237	139	69	81
101	86	257	272	173
53	94	63	120	55
296	43	300	38	39
297	25	196	68	286
82	230	117	91	86
121	209	212	12	104
188	127	85	21	100
154	51	70	31	70
100	185	164	18	95
136	191	116	174	240
120	24	203	242	186
54	121	130	70	169
227	242	205	251	233
186	207	201	71	90
287	125	146	211	105
106	203	295	99	270
164	284	59	44	297
196	203	152	137	164
241	295	215	211	154
120	268	233	203	249
121	14	28	205	227
281	283	247	289	225
28	111	50	102	137
46	105	44	257	214
129	252	66	128	242
223	217	151	271	236
80	191	206	48	225
169	114	203	63	103
225	164	18	175	267
169	258	208	144	249
9	282	48	16	252
109	224	297	292	281
5	205	231	36	22
135	38	141	115	19
232	46	256	190	109
121	81	289	209	76
108	137	42	169	28
256	250	54	165	39
293	25	151	151	8
173	71	272	272	189
33	126	200	265	183
102	43	179	118	207
224	78	107	236	36
166	93	68	245	190
182	171	57	24	100
142	26	6	139	236
12	249	115	244	200
257	50	22	188	162
299	92	289	82	31
90	214	151	1	192
125	157	260	127	177
267	237	127	282	215
190	169	109	244	295
137	32	32	195	169
47	121	144	106	145
226	198	265	281	97
227	50	275	75	13
142	32	41	291	250
8	191	221	211	163
248	179	284	5	222
299	151	248	106	16
268	82	96	258	229
112	92	252	235	195
86	57	194	64	245
38	3	53	50	33
99	67	113	268	148
80	99	160	185	146
197	4	199	127	123
272	53	193	243	207
201	170	107	179	159
88	67	4	161	106
140	79	185	294	260
88	287	165	263	275
147	258	166	146	129
143	236	219	39	258
272	164	155	152	208
68	71	253	294	166
106	117	278	236	225
257	103	252	222	130
300	233	149	45	207
243	199	65	276	290
286	288	189	60	104
96	104	185	183	8
257	296	6	94	46
142	150	227	175	123
159	285	29	180	190
264	99	264	80	30
139	99	216	151	221
148	202	141	198	66
79	169	104	293	48
234	57	210	99	255
88	8	242	81	56
246	253	56	24	65
88	242	3	178	37
52	220	96	131	254
255	24	223	185	229
77	95	118	174	260
92	292	96	217	68
162	223	284	115	152
126	52	67	2	96
156	268	161	271	163
28	77	267	244	223
146	84	133	257	262
13	168	115	231	64
7	227	108	201	88
228	199	225	255	238
144	93	236	104	268
229	24	291	149	256
1	251	262	117	61
76	259	219	290	89
152	236	36	74	57
280	32	3	24	155
38	296	13	92	138
10	241	126	263	92
126	74	97	212	61
30	194	233	126	158
172	297	124	108	29
25	241	294	192	141
269	154	199	113	186
45	79	258	278	196
158	251	262	130	196
242	106	59	200	109
254	121	56	177	246
188	141	292	175	19
224	121	260	235	198
34	215	199	213	298
179	117	272	44	163
195	212	62	201	272
83	194	74	124	228
233	191	219	219	210
226	73	295	102	104
45	66	249	159	80
157	219	75	157	172
63	151	10	172	233
116	119	100	156	161
227	120	238	173	202
39	6	86	266	15
72	66	159	242	59
25	137	264	90	251
261	95	274	120	129
88	255	81	180	164
299	63	249	140	235
105	35	246	35	171
263	167	296	171	249
113	46	150	138	278
257	235	215	259	253
83	210	105	257	110
208	284	84	6	57
128	266	250	300	59
153	174	201	175	56
204	118	80	181	168
265	101	17	122	100
2	249	160	31	103
175	33	110	160	195
69	159	280	216	5
199	259	195	274	292
198	80	65	6	33
112	147	77	47	262
281	254	269	10	61
222	151	74	101	133
86	198	298	242	213
126	263	178	218	159
167	132	153	129	106
182	2	287	289	243
272	220	217	121	45
12	285	55	199	241
296	193	119	201	93
56	266	145	272	141
245	220	260	8	90
214	35	6	286	137
82	298	246	272	246
228	156	77	126	207
193	50	251	3	295
293	122	91	66	193
32	212	258	130	56
285	3	290	72	43
259	171	181	101	260
166	41	122	166	205
180	58	129	197	232
258	230	6	153	104
136	245	226	44	147
77	1	239	6	75
79	5	168	59	90
263	211	205	98	14
221	160	56	36	242
106	192	204	251	187
6	219	162	96	218
83	290	48	115	11
299	72	272	175	54
65	281	72	196	211
18	253	22	131	250
200	155	36	293	252
197	48	193	79	1
81	103	131	38	64
27	135	208	48	46
80	182	77	154	195
116	102	296	150	44
205	72	90	242	42
281	234	173	42	176
122	86	4	127	82
68	188	208	105	142
28	42	84	118	84
163	204	113	153	64
164	130	173	230	50
78	56	115	278	180
219	291	69	91	199
289	37	280	12	85
212	235	88	207	69
71	56	197	188	67
133	66	184	188	152
21	259	172	274	148
36	73	59	65	268
295	37	49	188	247
199	33	44	203	105
120	275	76	59	202
10	66	193	75	128
102	254	167	117	137
266	123	89	39	216
163	48	119	155	93
42	2	213	194	7
254	149	92	242	71
66	161	136	89	26
43	29	122	294	245
291	102	173	123	239
32	96	277	164	209
107	134	263	255	238
5	44	82	201	80
217	189	39	168	7
278	231	185	76	230
85	298	271	123	188
26	15	137	245	107
262	160	28	130	249
285	291	64	51	37
46	16	223	246	92
58	238	94	9	187
51	8	60	108	81
288	82	224	196	208
198	256	174	192	156
287	55	225	124	242
290	121	15	110	72
285	32	106	102	168
94	216	54	106	234
90	154	79	10	85
3	101	96	19	58
286	259	23	25	250
220	275	87	123	131
25	156	269	32	187
194	81	135	88	211
202	253	215	233	126
269	51	278	18	260
88	63	19	294	247
51	26	275	76	126
231	271	295	217	27
172	15	282	172	106
239	101	142	271	130
243	87	82	189	150
226	77	102	173	115
171	165	117	295	249
118	77	150	244	251
265	95	186	50	189
96	183	85	206	190
123	44	58	155	211
66	146	277	11	67
106	41	162	254	226
145	222	288	299	104
45	298	211	254	298
93	4	279	289	23
84	8	93	156	93
271	258	56	42	236
163	109	270	235	250
34	51	132	212	161
70	127	180	26	281
169	152	121	284	191
90	145	154	156	125
130	105	94	203	230
97	270	132	129	17
18	64	46	166	271
268	161	200	12	188
293	109	131	72	217
194	128	285	254	174
283	254	228	253	217
61	48	31	280	251
154	209	62	213	123
163	260	113	166	151
86	55	267	121	37
280	120	100	217	158
218	100	203	150	130
200	206	225	155	249
73	292	296	55	31
119	204	113	298	79
184	226	3	209	236
36	98	204	166	119
162	186	290	99	200
132	241	21	273	10
221	179	179	118	177
205	89	262	172	100
291	168	142	170	288
81	85	235	143	28
31	209	177	111	85
157	136	136	128	67
289	300	182	30	283
133	77	291	176	156
105	107	260	33	274
38	89	274	152	65
26	87	73	105	97
227	245	245	287	128
269	179	90	248	150
104	135	60	89	209
199	27	164	220	97
116	47	3	176	60
68	247	114	248	152
219	179	71	201	225
204	254	101	7	255
20	80	288	90	40
108	267	8	124	76
84	24	102	294	68
266	54	199	198	220
240	83	90	234	185
182	239	45	122	44
206	66	168	125	261
277	187	163	117	29
133	151	17	157	37
53	218	92	171	134
87	153	260	33	66
226	144	264	130	126
296	15	90	162	65
140	24	100	155	198
273	194	175	177	139
97	31	282	243	214
118	262	174	76	249
265	60	247	151	213
141	206	9	153	126
80	60	174	289	85
181	287	249	138	58
22	148	269	142	98
212	165	6	56	157
32	183	67	204	218
283	274	36	286	291
217	182	7	165	53
41	18	288	197	116
225	31	157	204	124
243	12	229	9	105
265	118	297	107	185
5	292	96	35	85
164	31	83	22	193
271	62	209	234	75
266	158	167	15	28
79	140	147	9	155
163	63	160	121	3
134	203	100	173	206
232	135	37	127	10
288	223	265	121	121
21	207	150	246	254
294	76	88	183	9
212	149	110	123	114
236	127	246	239	41
175	271	281	140	186
227	204	221	15	145
121	183	143	161	143
271	216	177	18	221
110	79	81	16	295
176	5	193	172	154
137	254	141	50	274
185	225	264	254	3
240	192	274	58	225
122	85	125	89	32
136	124	296	165	281
299	200	283	229	290
126	94	232	8	245
71	4	38	127	81
10	270	142	229	92
55	185	165	17	223
192	104	192	178	185
176	29	211	204	43
226	21	19	73	35
68	158	43	217	255
250	67	11	148	195
37	181	135	22	46
285	192	133	294	168
20	39	216	136	26
241	88	72	145	124
60	138	84	90	254
64	105	197	282	177
75	219	262	54	26
298	89	228	180	119
10	107	22	294	233
250	114	285	144	189
180	246	215	141	142
130	238	60	64	96
137	186	234	281	132
16	225	103	18	216
262	28	265	9	123
251	124	266	124	237
220	26	297	92	17
267	51	202	271	96
38	286	229	4	238
272	220	51	93	252
19	138	76	53	6
263	171	261	284	64
127	251	226	40	218
227	37	39	148	266
61	77	72	200	260
145	87	177	161	194
205	182	12	279	212
230	280	32	52	275
265	13	87	152	85
105	5	157	203	239
89	259	230	94	62
102	161	41	216	281
238	298	158	58	168
96	65	100	126	297
245	138	173	144	243
101	284	38	281	81
94	268	217	215	68
207	129	60	285	197
36	208	264	125	71
81	16	270	266	173
251	199	139	134	187
85	146	71	126	182
254	269	296	223	237
40	60	21	18	128
258	249	46	64	57
27	35	213	69	151
168	245	21	179	176
18	234	265	130	231
47	284	229	299	199
29	211	216	183	55
33	225	26	128	116
202	28	91	191	218
136	252	75	124	210
100	67	40	103	154
240	120	32	182	225
100	217	83	158	185
275	39	142	278	198
142	220	220	284	131
96	285	55	40	178
153	111	185	146	129
64	117	102	83	130
163	165	120	152	256
234	245	58	131	264
172	295	224	26	266
50	51	152	249	176
116	272	243	209	129
160	27	158	178	159
269	25	174	67	65
256	123	163	215	193
231	94	34	149	29
283	282	234	106	285
76	213	242	274	107
42	245	199	261	200
139	123	200	76	257
170	28	129	164	31
201	22	49	232	179
173	273	210	170	156
88	155	15	156	250
205	91	162	72	90
298	169	83	129	260
114	187	265	270	296
38	150	25	30	272
227	174	180	206	206
115	204	227	226	237
247	193	257	15	201
192	65	277	164	97
204	137	137	10	245
57	131	72	47	137
95	7	89	62	127
267	122	279	107	19
248	153	4	144	128
272	227	106	269	92
106	199	172	30	39
246	292	280	7	66
134	53	112	285	297
218	289	118	4	153
266	300	36	78	28
120	207	110	183	275
255	18	243	56	21
259	127	205	158	38
94	229	242	71	174
120	64	40	43	53
18	266	86	102	240
36	31	39	56	156
219	172	169	242	238
207	295	96	278	285
273	225	171	241	98
252	139	32	175	243
70	167	103	239	241
280	158	163	20	25
258	42	152	119	266
277	169	48	177	290
235	141	90	216	86
99	31	26	85	101
14	82	261	183	34
228	103	215	36	168
60	217	18	110	164
258	250	268	192	293
144	60	255	250	96
41	10	192	299	108
68	228	276	100	96
263	106	138	239	125
53	30	217	247	93
21	50	39	154	123
273	230	104	150	200
89	168	82	15	24
272	32	294	96	134
162	155	205	4	299
47	62	144	117	48
285	188	221	105	97
235	58	84	215	146
260	213	126	176	112
251	225	51	84	255
70	107	17	282	191
110	93	125	63	209
278	98	93	9	153
284	51	107	258	243
213	40	35	215	156
284	9	154	1	296
267	249	128	207	151
31	21	83	159	286
73	213	114	44	170
285	257	107	54	144
272	229	92	35	231
247	34	2	77	154
248	146	187	23	280
162	1	104	254	86
48	39	11	298	106
213	54	18	239	170
20	30	168	280	193
129	250	49	275	178
165	131	211	273	231
223	271	265	149	290
276	279	258	290	112
91	124	216	70	12
58	288	158	13	179
279	77	265	233	298
110	83	32	298	289
24	42	265	140	279
37	65	281	43	116
282	120	68	232	263
277	270	174	214	224
102	184	6	154	80
60	78	232	252	154
294	166	18	217	185
238	236	229	181	195
1	271	236	206	161
111	4	210	210	103
49	220	42	215	56
141	163	40	131	34
101	213	244	293	237
186	60	90	260	292
253	278	57	291	66
116	258	291	23	75
258	198	21	230	119
18	209	183	206	215
23	231	124	121	240
28	257	69	188	14
205	17	39	24	12
238	300	155	130	39
233	299	285	250	164
7	227	184	265	139
273	209	282	91	102
231	106	88	222	185
111	45	10	261	198
43	194	251	56	123
142	151	243	59	165
197	286	180	246	40
232	40	111	239	93
141	44	261	47	107
142	120	234	133	239
166	274	161	202	64
90	69	109	18	270
235	59	286	166	176
24	8	181	112	56
135	44	105	190	238
137	5	116	90	6
285	62	265	99	171
284	121	16	23	224
299	242	55	297	185
20	165	133	145	203
265	19	258	19	21
31	231	39	235	15
177	201	246	259	264
276	97	278	284	125
251	96	211	237	113
272	49	90	29	243
26	89	229	206	32
137	45	72	205	1
105	119	105	7	102
7	126	115	229	117
257	151	84	268	103
297	181	114	147	40
150	117	126	143	21
271	220	277	73	7
185	62	88	297	269
151	241	228	299	165
270	249	94	206	93
55	231	180	139	40
285	101	95	171	110
275	14	197	24	132
161	280	134	26	195
80	71	230	215	199
236	101	209	133	155
28	278	217	218	12
155	132	139	147	203
251	120	95	259	168
218	294	89	194	156
137	32	240	4	57
92	17	285	42	253
72	266	126	295	77
84	149	153	160	153
156	255	32	101	41
51	82	251	150	205
243	178	77	254	28
172	223	125	283	28
82	145	258	180	91
33	160	149	73	141
50	264	131	86	206
297	256	62	181	152
115	138	28	137	144
116	233	294	282	279
39	269	16	288	58
29	229	101	108	145
241	267	139	136	260
60	249	90	43	58
152	39	154	120	46
61	52	93	288	177
251	77	140	52	157
174	32	207	160	248
139	220	166	42	112
96	218	197	211	167
52	198	71	210	32
96	40	214	247	61
114	272	102	200	224
2	53	63	123	111
159	187	50	35	134
15	176	256	104	5
179	247	183	58	150
34	240	74	67	78
226	156	51	131	284
272	109	90	173	33
246	145	77	101	232
262	110	208	110	146
288	211	217	92	56
89	182	5	68	261
137	79	289	245	277
244	98	212	183	124
22	115	124	53	247
238	50	189	197	110
128	268	116	72	90
230	293	243	199	27
99	148	198	10	133
130	273	23	250	236
13	207	242	284	279
153	31	64	129	153
241	232	295	94	44
244	37	271	133	286
245	137	225	115	224
169	101	184	194	107
160	186	12	93	162
192	219	95	29	59
249	68	135	157	273
76	206	278	103	190
261	290	193	264	221
242	111	80	223	174
44	76	160	249	299
109	292	272	51	280
13	231	109	190	71
19	224	97	156	91
182	252	224	262	120
233	70	166	32	243
193	18	220	246	103
48	263	83	187	239
240	163	189	276	242
185	134	73	78	174
16	106	53	85	281
63	108	283	75	95
125	265	238	146	87
112	77	216	100	4
266	16	228	46	89
35	140	169	119	155
212	179	283	260	201
143	147	78	29	268
182	183	233	117	40
260	141	285	64	280
188	73	184	287	231
14	37	173	284	192
121	188	199	126	195
295	69	80	265	146
3	245	13	187	145
200	236	122	47	113
203	90	141	254	287
29	214	15	271	38
239	54	60	15	199
142	210	271	194	123
29	172	109	256	275
23	173	45	246	69
118	84	83	181	239
241	118	56	20	98
254	56	173	72	163
52	68	282	104	178
214	153	106	283	15
52	42	74	160	251
172	75	150	58	5
30	19	143	163	120
48	284	169	160	182
236	209	68	68	262
16	257	155	299	66
218	73	264	289	202
195	31	226	2	166
271	32	240	152	111
298	52	37	123	5
109	116	96	155	170
110	249	146	268	92
125	239	219	1	170
137	113	167	296	266
292	295	134	32	219
175	272	111	273	225
84	257	67	159	172
131	260	269	31	219
51	199	254	196	20
49	168	151	143	179
278	233	235	83	76
188	6	208	234	291
117	138	122	167	119
165	161	110	74	90
298	5	11	9	128
90	290	36	97	287
78	272	209	129	115
108	160	289	9	130
38	155	186	290	100
91	74	101	286	266
38	93	246	26	87
280	82	252	189	219
235	36	290	256	174
62	75	147	82	9
203	188	253	174	174
159	278	167	37	29
183	284	273	214	134
9	232	82	87	24
258	294	247	56	125
296	120	7	286	131
67	33	228	55	217
291	179	25	167	99
264	52	236	171	272
128	62	170	15	274
238	272	220	104	244
223	275	110	222	213
29	75	266	243	215
50	258	294	24	272
169	278	192	54	16
218	137	250	137	154
116	5	242	238	212
67	35	20	3	164
5	215	285	111	194
290	165	45	180	241
277	80	66	182	45
218	250	79	243	94
151	95	92	216	82
208	155	180	148	158
297	145	44	139	216
85	261	234	196	250
157	269	98	168	19
211	271	10	142	286
110	120	56	34	139
71	5	41	11	235
83	19	220	62	171
277	223	58	217	190
37	57	134	203	213
83	98	63	157	23
166	178	174	261	141
48	192	84	282	201
28	33	218	258	159
191	178	177	179	140
164	122	59	16	88
86	112	126	47	45
159	9	202	154	20
58	60	34	251	104
93	169	125	101	6
243	153	299	245	86
188	141	251	200	97
62	275	136	46	82
195	47	239	77	120
160	260	30	218	45
300	92	245	27	231
200	254	186	47	241
147	206	283	272	282
287	82	126	20	300
250	50	10	233	10
25	40	20	242	170
127	258	13	191	31
45	43	216	29	136
296	280	188	31	53
99	196	174	83	57
202	214	198	37	32
33	130	169	265	252
119	289	9	248	136
81	198	257	235	76
52	276	284	150	13
122	50	223	149	74
43	133	131	109	52
254	257	178	225	257
17	33	239	64	131
109	6	245	257	74
82	157	143	247	175
237	38	132	226	126
298	278	98	243	145
251	185	137	294	233
145	165	228	170	226
74	206	211	97	34
235	2	71	275	20
226	18	261	91	112
120	295	159	252	29
197	68	140	290	281
202	99	69	101	40
262	192	122	86	271
115	5	227	231	202
123	29	226	165	257
255	76	104	245	266
34	279	237	283	80
203	5	130	139	228
43	242	86	46	162
199	34	171	250	89
57	57	215	136	141
126	35	8	242	134
57	78	80	128	39
222	56	243	57	156
117	293	221	156	172
147	140	116	37	187
278	272	43	232	125
129	24	221	125	156
289	182	48	37	158
47	191	225	22	87
16	167	283	116	8
112	126	27	155	283
147	227	254	67	22
180	233	24	66	283
14	80	247	213	102
62	250	156	14	199
275	36	52	29	264
28	90	147	54	132
195	56	167	89	161
207	206	142	15	27
6	246	179	173	109
153	93	226	178	74
283	48	215	72	101
218	181	214	290	218
297	176	202	109	74
216	114	198	159	185
272	129	45	168	252
36	298	263	167	70
216	17	172	83	121
29	274	60	283	143
256	157	18	169	32
189	97	212	38	239
292	270	81	262	140
102	184	204	162	243
133	292	272	288	102
187	57	185	209	160
226	187	60	42	119
29	200	33	180	83
94	180	196	290	92
243	172	57	228	167
1	59	175	124	173
24	245	133	145	79
10	297	272	280	202
141	271	271	183	152
108	40	187	203	66
107	204	9	152	5
33	173	164	181	227
198	70	128	190	45
94	37	191	233	86
148	19	283	96	65
49	139	248	69	191
280	69	25	223	98
3	175	147	220	156
249	145	213	81	18
117	185	250	269	90
157	186	293	41	278
232	160	99	79	138
65	251	71	5	166
128	214	139	220	298
53	103	263	95	81
159	25	105	71	248
175	263	78	6	100
248	39	66	138	6
240	64	12	70	249
195	43	75	298	139
94	286	138	118	279
158	140	258	15	157
136	239	179	90	111
154	242	218	139	131
29	87	46	158	47
192	106	54	15	221
243	249	226	295	167
60	184	237	287	161
270	282	229	293	243
133	123	222	157	85
117	139	181	241	24
251	153	11	10	175
4	96	38	86	11
71	215	50	11	59
110	272	116	115	52
157	32	184	279	153
78	189	73	25	106
180	76	190	196	85
278	270	121	226	300
33	116	280	29	218
185	128	287	106	268
26	8	135	129	142
248	138	9	202	70
71	82	111	103	47
279	99	160	178	235
275	169	197	1	244
181	192	67	226	160
106	9	68	221	295
277	100	27	267	30
161	224	25	171	255
179	66	153	269	132
33	268	137	97	192
129	136	90	105	76
258	104	26	225	219
270	9	199	243	124
193	70	229	172	285
259	34	30	6	22
38	254	258	47	148
151	11	268	72	170
110	67	180	180	296
23	75	185	173	135
43	98	145	143	158
282	156	279	98	208
144	200	247	242	41
255	116	70	294	35
82	268	222	221	81
222	49	86	40	219